615.508972
613.497314
611.470764
609.459106
607.447449
605.420837
603.409180
601.382629
599.370972
597.344421
595.332764
593.321106
591.294556
589.282898
587.256287
585.244629
583.218079
581.206421
579.179871
577.168213
575.156555
573.129944
571.118286
569.106628
567.080078
565.068420
563.041870
561.030212
559.003601
556.991943
554.965393
552.953735
550.927185
548.915527
546.888977
544.877319
542.850708
540.839050
538.812500
536.800842
534.789185
532.762634
530.750977
528.724365
526.712708
524.686157
522.674500
520.647949
518.636292
516.624634
514.598022
512.586365
510.559814
508.548157
506.521606
504.524841
502.498291
500.486603
498.460052
496.448395
494.421814
492.410156
490.383606
488.371948
486.345367
484.333710
482.322052
480.295502
478.283813
476.257263
474.245605
472.219025
470.207367
468.180817
466.169159
464.142578
462.130920
460.104370
458.107605
456.081024
454.069366
452.042816
450.031158
448.004578
445.992920
443.981262
441.954712
439.943024
437.916473
435.904816
433.878235
431.866577
429.840027
427.828369
425.816711
423.790131
421.778473
419.751923
417.740234
415.713684
413.702026
411.675476
409.663788
407.637238
405.625580
403.598999
401.572449
399.560791
397.534210
395.522552
393.496002
391.484344
389.457764
387.446106
385.434448
383.407898
381.396210
379.369659
377.358002
375.331421
373.319763
371.293213
369.281555
367.254974
365.243317
363.216766
361.205109
359.178528
357.166870
355.140320
353.128632
351.102081
349.090424
347.063843
345.052185
343.025635
341.013977
338.987396
336.975739
334.949188
332.937531
330.910950
328.899292
326.872742
324.861053
322.834503
320.822845
318.796265
316.769714
314.758057
312.731476
310.719818
308.693268
306.681610
304.655029
302.643372
300.616821
298.605164
296.578583
294.566925
292.555267
290.528717
288.517029
286.490479
284.478821
282.452240
280.440582
278.414032
276.402374
274.390717
272.364136
270.352478
268.325928
266.314240
264.287689
262.276031
260.249451
258.237793
256.211243
254.199570
252.173019
250.161346
248.134781
246.123123
244.096558
242.084900
240.058334
238.046677
236.020111
234.008453
231.981888
229.970230
227.943665
225.931992
223.905441
221.893768
219.867218
217.855545
215.828979
213.817322
211.790756
209.779099
207.752533
205.740875
203.714310
201.687744
199.676086
197.649521
195.637863
193.611298
191.599640
189.573074
187.561401
185.534851
183.523178
181.496613
179.484955
177.458389
175.446732
173.420166
171.408508
169.381943
167.370285
165.343719
163.332062
161.305496
159.293839
157.267273
155.240707
153.229050
151.202484
149.190811
147.164261
145.152588
143.126022
141.114365
139.087799
137.076141
135.049576
133.037918
131.011353
128.999695
126.973129
124.961464
122.934906
120.923241
118.896675
116.885017
114.858452
112.846786
110.820229
108.808563
106.781998
104.770340
102.743774
100.732117
98.705551
96.842903
94.965347
93.087799
91.225151
89.347595
87.470047
85.622299
83.744743
81.867195
80.004547
78.141891
76.264343
74.416595
72.539040
70.661491
68.798843
66.921288
65.043739
63.181087
61.303539
59.440887
57.578239
55.715588
53.838036
51.990288
50.127636
48.264988
46.387436
44.524788
42.647236
40.769684
38.907036
37.044384
35.166832
33.304184
31.441532
29.563982
27.686430
25.823780
23.946228
22.083578
20.220928
18.358278
16.495628
14.647880
12.785230
10.922580
9.059930
7.361193
5.662456
5.006804
5.006804